in: 
153
7254 8088 664925
6240 3461 1851024
8554 5654 279855
8008 6564 1991046
2574 9378 2046572
5528 7489 347597
3660 1888 758140
8234 9829 1268346
5309 1714 97516
3012 2933 668332
1103 3550 117075
5657 8545 575594
1032 6767 1233955
5871 15 997035
7788 2139 867015
2628 3253 688578
7497 8934 641244
7041 5396 115984
2966 1253 926723
3198 9951 937915
8644 8181 333015
5687 8070 447612
8527 312 290383
9910 3623 804984
7363 9614 611958
511 5580 390101
6726 6184 6399
3647 4501 2533578
6598 2832 1284706
4457 5561 217426
3759 4879 255852
7797 6281 606155
3222 9039 200289
4246 3836 2030324
8174 3486 2022371
6693 2479 129175
2055 3688 1115525
1447 634 326150
2943 5415 8830
2472 9731 332091
5304 3875 1510437
6085 3811 626808
2538 207 452978
7273 9822 341709
7736 812 908018
6655 1021 976993
4540 6596 427086
7573 8035 410696
1179 9844 778759
456 3812 405031
8574 7700 133946
8210 5538 1623986
175 3005 19237
5031 1222 55042
8454 6764 813522
4073 3517 130709
6663 3041 544231
7415 5020 921022
7409 4074 543023
793 899 441659
8153 6465 1347393
8113 821 208379
9308 7364 302179
8081 578 270731
548 8932 64336
1071 548 685636
9071 9171 862865
309 5831 260654
3976 4791 278406
6052 2068 2445993
8266 7060 41326
8372 7475 780333
4287 8100 457103
6271 7450 516979
6143 3926 859346
5719 3575 496711
1360 9412 72395
6121 6982 1683637
2180 3319 705057
4549 4611 870329
5628 1884 2138125
4699 4409 306044
8415 8068 18091
1789 8523 32818
9604 6076 994920
884 7258 278824
9756 5915 468001
2032 7244 685846
1658 2626 599295
8048 7040 185181
4111 9351 805855
8567 9828 846202
3564 7041 7029
5140 3976 24735
1193 9351 57104
8473 2202 404185
3085 2290 1041766
995 6472 345126
7880 8117 271233
6369 2050 1295142
4767 1477 114890
9790 2562 19632
4277 9375 114219
6360 475 707494
8911 3642 234792
9316 4077 551108
2532 7156 474387
4971 3835 254686
6979 8996 982465
8766 8049 907547
4187 3769 982718
8764 4563 927009
3902 5431 335877
4976 6855 69465
9456 4835 704751
698 2680 425821
8522 104 765627
1463 9628 18980
11 4011 106241
7233 5855 1617865
1929 5106 175237
9170 2721 1217015
5286 8356 259033
539 2952 1099144
98 9691 295047
5712 234 293412
2504 372 72971
5279 8462 528226
3756 4994 694606
5399 9425 1919472
8843 7223 28495
7261 4103 171051
7062 7561 95822
1584 934 112408
8367 4479 293797
9500 7030 395560
6180 6868 710043
8863 860 353418
4385 8309 124656
6626 4407 358381
9027 1851 1908923
4405 75 312797
422 7130 462960
2659 7138 3000183
5926 4126 1372978
845 1863 753832
1845 6839 2936538
2021 8379 200341
6091 3916 90077
123 3280 386688
5061 8514 708413
1277 647 181043
3985 9587 1070262
out: 
7204 8038 7869 8704
6240 3461 7101 4321
8554 5654 9083 6183
7933 6489 8444 7000
2524 9328 3905 9900
5503 7464 6093 8053
3660 1888 4531 2758
8159 9754 8560 9830
5234 1639 5546 1952
3012 2933 3830 3750
1103 3550 1445 3892
5657 8545 6416 9303
907 6642 1743 7578
5721 0 6345 488
7538 1889 8469 2820
2203 2828 3008 3633
7497 8934 8298 9735
7041 5396 7382 5736
2691 978 3654 1940
3198 9901 4166 10000
8644 8181 9221 8758
5687 8070 6156 8539
8527 312 9066 851
9910 3623 10000 4520
6763 9014 7495 9615
511 5580 1136 6204
6726 6184 6806 6264
2997 3851 3914 4767
6248 2482 6781 3016
4457 5561 4923 6028
3759 4879 4265 5385
7272 5756 7851 6334
3047 8864 3495 9311
4196 3836 4796 4386
7649 2961 8896 4208
6318 2104 6694 2480
2005 3638 2886 4519
1297 484 1743 930
2943 5415 3037 5509
1947 9206 2523 9732
5154 3725 5833 4404
5860 3586 6102 3827
2538 207 3211 880
7273 9822 7858 10000
7511 587 8089 1165
6505 871 7493 1860
4315 6371 4969 7024
7123 7585 7574 8036
1179 9844 2061 10000
456 3812 1092 4449
8549 7675 8915 8041
8010 5338 8534 5863
175 3005 314 3143
5031 1222 5266 1456
8454 6764 8906 7216
3873 3317 4235 3678
6663 3041 7001 3378
7390 4995 8000 5604
7294 3999 7631 4186
618 724 1283 1388
7873 6315 8164 6476
8113 821 8519 1228
9308 7364 9858 7913
7556 53 8082 579
548 8932 802 9185
396 0 1224 701
8896 8996 9825 9825
0 5506 495 6016
3976 4791 4054 4868
5652 1668 6166 2182
8241 7035 8444 7239
8147 7250 8555 7659
3812 7625 4488 8301
6271 7450 6990 8169
6118 2186 6235 4123
5144 3000 5849 3705
1285 9337 1554 9606
6021 6882 6569 7429
1505 2644 2195 3333
4549 4611 5482 5544
5548 239 5650 2996
4699 4409 4877 4587
8415 8068 8550 8202
1789 8523 1970 8704
9604 6076 10000 7074
434 6808 887 7261
9231 5390 9757 6074
2032 7244 2860 8072
883 1851 1659 2627
8023 7015 8228 7221
3911 9201 4359 9352
8567 9828 9487 10000
3564 7041 3648 7125
4990 3826 5147 3984
1043 9201 1282 9440
8473 2202 9084 2813
3010 2215 3656 2860
745 6222 1157 6635
7880 8117 8401 8638
6169 1850 6407 2088
4767 1477 5106 1816
9790 2562 9930 2702
4277 9375 4390 9488
6360 475 6751 866
8911 3642 9346 4076
9316 4077 9900 4720
1927 6531 2596 7220
4871 3685 4976 3839
6429 8446 6995 9012
8551 8044 10000 8176
4112 3694 4228 3811
8414 4213 9302 5101
3877 5406 4432 5960
4976 6855 5240 7118
9356 4735 9700 5375
698 2680 1351 3332
8097 0 8722 304
1463 9628 1601 9766
11 4011 337 4337
6808 5740 7270 7447
1929 5106 2348 5524
9170 2721 9800 3624
5286 8356 5645 8715
339 2752 687 3101
98 9691 641 10000
5162 0 5713 235
2254 122 2524 392
4554 7737 5281 8464
3581 4779 3757 4995
5374 9400 6759 9975
8843 7223 9012 7392
7111 3953 7275 4116
7012 7511 7132 7570
1584 934 1919 1270
8117 4229 8409 4521
9100 6630 9600 7259
5330 6018 6181 6869
8863 860 9457 1455
4385 8309 4538 8462
6626 4407 7225 5005
8652 1476 9028 2182
4405 75 4964 635
0 6455 427 7136
2599 5513 3561 7240
5926 4126 6223 4422
395 1413 863 1881
1745 4339 1924 8522
2021 8379 2469 8826
6016 3841 6116 3941
23 3180 645 3802
5036 8489 5278 8730
1227 0 1293 723
3910 9512 4920 9900