in: 
101
3565 9443 341434
2412 1160 471812
5889 5830 2517651
9217 3648 1937395
1416 7138 637166
8087 6409 2550619
214 5300 1488606
6613 3085 597618
5910 586 604168
9314 46 903959
9450 7595 629996
2808 1379 277191
6780 6116 737875
8692 6740 1022591
9981 7033 266885
3766 8335 48261
4334 8463 1021047
2479 7570 1404556
4907 7787 360429
2257 5544 532871
97 5848 2582088
3820 9412 1139102
500 3885 1054990
428 7638 1320505
9194 7546 1566704
2274 9009 1099888
5235 3593 235027
1689 3411 1801515
4794 1153 1015191
7195 7951 1289597
2473 5412 46953
9644 5724 49598
2541 1836 1775141
1284 112 954768
7312 7052 1135513
1309 5448 287512
5722 5955 114143
589 7245 473380
2686 3001 736821
5205 4425 466677
4370 2314 50633
4889 8941 1637918
6164 3034 2266435
9551 9456 891763
7784 2230 249960
4213 8881 1553284
8088 5474 629816
9413 7867 1329208
8436 510 965984
9945 6293 282037
1829 6839 52673
408 4989 1463172
287 981 1980959
5163 5631 990141
3977 3339 82528
3234 3887 1371334
8560 8981 1656284
1688 9027 625066
5714 260 2143104
2750 8197 94138
9250 7637 282232
1274 571 71651
3174 7964 1073561
840 4597 58378
7594 144 6471
7441 4046 570002
7232 8907 1696939
5313 5341 1125358
7100 5820 304807
4654 1146 408337
323 7539 14237
358 3581 630467
5412 2461 57432
6342 392 267887
1975 50 857077
1972 7981 912323
6072 691 102208
5149 1385 219021
4137 827 1672198
2288 4844 399867
1650 9136 2328428
5879 2718 1356167
6700 4595 510785
1423 1663 1208980
6612 838 2164227
5811 4462 352819
9386 8757 3244227
3612 7380 172682
7195 4345 1473153
1117 8331 4061367
1808 5246 769684
6284 9448 205688
7651 4865 1875089
3144 8945 1780234
4822 5881 3010069
5109 5808 560098
1208 9700 2244930
6755 4313 2050430
7737 8377 1246657
6143 4212 825941
8588 9430 14212
out: 
3565 9443 4149 10000
2112 860 2799 1547
5739 5680 6701 6641
9217 3648 10000 5040
1416 7138 2214 7936
7162 5484 8684 7006
209 5295 1284 6370
6613 3085 7286 3758
5610 286 6062 739
9314 46 10000 997
9450 7595 10000 8368
2808 1379 3334 1906
6720 6116 7139 6475
8692 6740 9358 7426
9676 6828 10000 7594
3766 8335 3936 8504
4234 8363 4869 8999
2339 7370 3089 8180
4907 7787 5507 8388
2257 5544 2987 6274
0 5298 204 8235
3420 9012 4312 9425
200 3585 1202 4587
328 7538 1052 8232
8039 7431 9195 8452
2274 9009 3323 10000
5235 3593 5720 4078
1689 3411 3031 4753
4659 1028 5127 1485
6595 7351 7731 8486
2373 5312 2590 5528
9644 5724 9867 5946
2266 1561 2798 2094
1284 112 2111 939
4787 7007 7728 7347
1289 2948 1330 7949
5542 5755 5735 5968
209 6845 877 7533
2236 2551 3094 3410
5105 4325 5788 4898
4370 2314 4595 2539
4889 8941 6169 10000
5864 2724 6594 3465
9551 9456 10000 10000
7784 2230 8284 2730
3888 8526 4214 8882
7488 4984 8089 5475
9388 5342 9445 8375
8311 385 9294 1368
9670 6018 10000 6824
1829 6839 2059 7068
108 4689 693 5293
262 956 1419 2114
5113 5541 5538 5876
3977 3339 4264 3627
3234 3887 4405 5058
8035 8456 9202 9425
1663 9002 2254 9592
4139 0 7590 281
2750 8197 3057 8504
9200 7587 9386 7864
999 296 1275 572
3099 7889 3760 8550
840 4597 1082 4838
7594 144 7674 225
7441 4046 8196 4581
6832 8507 8010 9475
5113 5141 5549 5537
6800 5520 7152 5872
4154 646 4655 1147
208 7534 324 7655
0 2781 359 3582
5412 2461 5652 2700
6267 317 6785 834
0 0 2836 111
1947 7956 2302 8311
6072 691 6242 860
5149 1385 5617 1853
2837 0 4138 828
2213 4769 2745 5302
1025 8511 1651 9137
5654 1408 6609 2722
6700 4595 7255 5309
1423 1663 2248 2487
6612 838 7983 2209
5811 4462 6405 5056
9236 8377 9550 9550
3612 7380 4028 7795
6770 3920 7434 4583
0 8326 2747 8487
1333 4771 2210 5649
6284 9448 6738 9901
7256 4585 9212 4981
2769 8570 3478 9000
4772 5881 5507 6566
4734 5433 5110 5809
0 9595 2271 10000
6265 3773 6757 4460
7732 7007 8034 8503
5743 3812 6252 4321
8588 9430 8707 9549