in: 
183
1618 2444 783507
5764 5212 524280
3212 7863 563106
9809 3080 2635217
6902 8074 48768
32 5980 241582
3344 5813 292901
2780 3432 486733
7244 3341 375828
8334 218 4658
2674 9758 387589
6229 7188 563607
7233 8910 990981
2837 918 459744
3247 8523 787392
2082 1735 803762
9941 2938 861319
1923 2697 637165
167 5819 870550
7038 9881 294469
8771 6991 475697
3821 5465 332184
2373 9985 748659
4901 881 117996
5496 8862 730561
8628 6250 51243
2617 9396 25018
1376 6283 463604
3754 1636 1332285
4397 983 488707
8386 3122 738903
3925 68 298837
3868 9933 961843
7262 4 111935
411 8565 1772643
5186 3126 440458
6177 6706 1845495
5253 1161 515860
4429 5063 7308
3395 5694 117900
4868 9472 266636
3896 9861 56582
5291 8238 1106531
920 6185 407869
1883 9176 912547
1681 139 696250
598 4183 65061
1731 6437 1803820
3031 4361 325775
2658 4103 65589
9079 100 1055036
2622 1867 304694
3270 6193 2288664
5653 3953 748339
4019 7886 1199125
2666 8525 26445
6309 1422 232315
3539 6348 100238
4253 8989 400969
5208 1380 378918
8064 7307 245880
8027 5145 629413
3287 200 256309
8532 7217 702221
9140 4779 1358208
2975 7510 282830
7271 506 213444
8142 5642 632804
2385 2163 31397
2855 3076 518417
9179 6801 1083527
8764 8502 16309
4266 725 1153198
2567 9832 47001
6475 9481 1402039
4470 8757 2492317
2271 669 229666
9869 455 532637
1168 1986 5106
9999 3190 236808
51 3945 1992193
517 3244 600235
6246 7950 947349
9707 4779 590596
3386 4812 260800
5286 8393 628474
4686 9223 371160
8466 1580 230712
5537 8304 169106
8386 5258 556901
8960 1932 33786
6609 7709 721513
6779 4400 537901
625 7130 1650928
6393 4547 362960
3011 9137 247698
9815 4069 941382
5597 5744 87582
3824 705 522104
8651 9553 168581
719 9172 463592
7627 5665 18318
7696 2340 86973
4809 9339 196179
4227 8325 932989
1533 2202 53047
6113 3927 342197
8996 3044 196130
6885 3729 219916
1732 2242 130373
5216 9215 586545
2212 339 287763
1271 7557 110090
3915 5318 148173
5282 8959 44295
3589 8577 584845
5335 5155 1688637
8390 8747 83242
7350 5609 332745
7726 2849 416530
3840 9206 1700707
1233 8021 851365
570 4335 1072648
2796 8196 113703
7254 2950 44256
7079 2226 28856
3990 2836 158070
6044 7938 432669
9272 5230 23484
4984 4097 1101639
5033 8556 862050
7780 9191 516300
5045 3010 114367
7651 522 1056315
778 78 82055
4422 1111 281307
7137 2821 178660
1309 8545 437115
703 2084 1081153
305 7046 434804
4281 2424 45808
2325 8738 417368
4280 9130 855685
5256 4870 594273
5881 8749 736080
22 2105 111053
4424 6067 497637
6766 487 455090
1341 8549 125532
3172 7384 192142
3422 1618 40876
1632 2826 186929
2011 5878 236670
4835 6605 760417
8474 6299 1247527
6827 6991 564487
3293 3939 4890
5736 5403 211155
3365 2029 794182
7028 7793 31225
480 4748 995843
6661 4578 1231587
2503 3019 1375601
4380 9915 642518
7360 925 143862
1068 7355 688372
4728 9066 17556
8323 290 202714
8652 1861 1291768
6138 2541 531146
5062 6872 855057
3578 7907 35434
1894 4706 677479
9981 2021 5273
474 1836 387438
4394 3969 189175
5927 9983 1566523
3063 7245 226476
2791 7532 1033365
7741 36 850681
5803 3501 316127
4992 6890 18040
8554 973 791648
out: 
1323 2244 1919 2750
5764 5212 6488 5936
2977 7588 3562 8214
9609 2880 9810 4504
6902 8074 7123 8295
32 5980 524 6471
3319 5788 3860 6329
2580 3232 3278 3929
7244 3341 7857 3954
8334 218 8402 286
2674 9758 3297 10000
5979 6938 6730 7688
6783 8460 7778 9456
2837 918 3515 1596
2947 8223 3584 8861
1607 1260 2504 2156
9916 2913 9975 3841
1923 2697 2421 3195
0 5044 325 5977
7038 9881 7581 10000
8771 6991 9461 7680
3696 5340 4122 5767
2223 9835 2663 9986
4901 881 5245 1224
5496 8862 6351 9716
8628 6250 8854 6477
2617 9396 2775 9554
1026 5933 1707 6614
3529 1411 4533 2415
4222 808 4521 1107
8386 3122 9246 3981
3925 68 4472 614
3868 9933 4849 10000
7262 4 7597 338
0 7815 992 9147
5136 3076 5800 3739
5427 5956 6385 6915
5253 1161 5971 1879
4429 5063 4514 5149
3120 5419 3463 5763
4868 9472 5384 9989
3821 9786 4059 9925
5291 8238 5518 8465
545 5810 1009 6273
1658 8951 2613 9775
1356 0 2190 649
598 4183 853 4438
1731 6437 2799 7505
2906 4236 3477 4807
2633 4078 2889 4334
8929 0 9850 977
2622 1867 3174 2419
2845 5768 3308 6231
5653 3953 6368 4668
3669 7536 4439 8306
2666 8525 2829 8687
6309 1422 6791 1904
3539 6348 3856 6664
3753 8489 4261 8997
5058 1230 5249 1420
8064 7307 8560 7803
7577 4695 8370 5489
3287 200 3793 707
7782 6467 8620 7305
8415 4054 9275 5220
2800 7335 2976 7511
7171 406 7633 868
7992 5492 8737 6238
2385 2163 2512 2290
2555 2776 3000 3221
8879 6501 9180 6967
8764 8502 8892 8629
4166 625 4267 786
2517 9782 2609 9833
6475 9481 7534 9875
4395 8682 5099 9050
2271 669 2750 1148
9869 455 10000 1185
1168 1986 1239 2058
9999 3190 10000 3676
0 3270 562 4457
517 3244 518 3245
6046 7750 6769 8474
9707 4779 10000 5547
3386 4812 3897 5322
4486 7593 5287 8394
4586 9123 4795 9332
8266 1380 8721 1836
5537 8304 5948 8715
8386 5258 8607 5480
8960 1932 9144 2116
6609 7709 6633 7734
6779 4400 7512 5134
325 6830 1060 7565
6393 4547 6394 4548
3011 9137 3509 9634
9815 4069 9816 4764
5447 5594 5743 5890
3799 680 4122 1002
8651 9553 9062 9963
719 9172 720 9173
7627 5665 7762 5801
7696 2340 7991 2635
4809 9339 4927 9457
4227 8325 4368 8466
1333 2002 1563 2233
6113 3927 6114 3928
8621 2669 9064 3112
6760 3604 7229 4073
1657 2167 1733 2243
5066 9065 5457 9456
2212 339 2523 651
1271 7557 1603 7889
3900 4968 4275 5338
5157 8834 5367 9045
3589 8577 3729 8717
5060 4880 5734 5555
8390 8747 8679 9035
7250 5509 7602 5861
7551 2674 8196 3320
3840 9206 4569 9425
1108 7896 1756 8543
565 2035 596 4745
2521 7921 2858 8258
7254 2950 7464 3161
7079 2226 7249 2396
3990 2836 4388 3233
5819 7713 6045 7939
9272 5230 9425 5383
4634 3747 5609 4721
4883 8406 5136 8660
7780 9191 8499 9909
4795 2760 5133 3098
7651 522 8504 1375
778 78 1064 365
4422 1111 4702 1392
6837 2521 7260 2943
1019 8545 1340 9811
678 2059 1318 2699
0 6496 314 7056
4281 2424 4495 2638
1875 8288 2521 8934
4280 9000 4355 9190
5131 4745 5257 4871
5856 8724 5989 8857
22 2105 355 2438
4249 5892 4954 6598
6491 212 7166 886
1341 8549 1695 8904
3047 7259 3285 7498
3422 1618 3524 1720
1557 2751 1914 3109
2011 5878 2497 6365
4835 6605 5082 6852
8424 6249 8616 6441
6827 6991 7578 7743
3293 3939 3363 4009
5736 4698 5761 5592
3190 1854 3506 2170
7028 7793 7205 7969
480 4748 1478 5746
6411 4328 6771 4688
2438 2314 2554 4705
4080 9615 4857 9916
7310 875 7639 1205
1068 7355 1248 7534
4728 9066 4760 9099
8323 290 8548 515
7992 1841 8958 2667
6088 2491 6817 3220
5062 6872 5412 7221
3578 7907 3651 7920
1894 4706 2717 5529
9981 2021 10000 2093
49 1411 671 2034
4194 3769 4629 4204
5827 9883 7029 9984
2838 7020 3064 7246
2791 7532 2973 7673
7641 0 8213 509
5803 3501 6215 3914
4967 6865 5051 6950
8529 948 8919 1337