in: 
118
6317 1530 910891
409 5467 2204831
7851 1819 129066
6332 2034 2717693
4405 782 178742
5525 6204 1371619
8800 5640 179422
8860 4039 564423
3515 8371 85233
686 8348 1149342
5896 1107 406000
3855 6667 91274
4118 7050 316294
9905 5966 900434
479 9379 1807210
7155 5736 420583
6365 3796 41083
1571 5545 219653
7596 5102 421469
3409 6151 1601986
6853 3662 675720
2789 8599 1135490
6604 1170 3045393
8857 6858 345966
7223 5056 707269
5586 5065 13897
4331 9355 3108386
1044 3336 521827
2561 6845 1192554
6245 229 742260
8771 2009 1976319
5735 5458 266177
8043 3610 823096
3867 3657 474248
5601 6821 101441
2469 1633 792170
2395 3822 122781
5539 1963 1044022
5393 1728 165270
4379 6715 2482907
4266 8261 1041575
4706 4707 486865
557 9532 661561
8092 9290 381626
5974 8558 3384905
6501 7212 789126
2191 2309 1076208
8036 7689 30889
4753 3268 1713818
6589 6954 277841
6262 831 962453
3802 3299 2559369
2216 7344 73382
9317 4957 104478
8885 5203 124238
5899 5090 687133
2331 3559 1758619
7954 1584 1285889
511 1991 178699
851 8691 337103
2464 1725 1311460
6458 1771 138291
1786 3561 536674
9979 5627 2153406
3173 3722 245003
5931 638 310291
59 8383 107236
4316 3739 115501
2462 8676 477047
7557 1146 2198337
9231 4786 299309
8564 5447 70281
9977 804 395933
2874 8499 442045
1025 9418 291204
5676 8528 426036
9952 1016 83244
3038 3190 1060667
6952 420 536845
3973 5590 1149631
7936 6344 94295
3309 3397 981227
9193 7201 335520
7824 5290 817674
3086 6072 80895
2992 3082 1635314
7412 294 1752895
9849 46 8467
6537 4905 339758
6629 3444 270992
810 3084 1804699
2735 1959 443230
9027 8840 232185
2628 4454 599556
8394 9158 1276344
2438 1622 964188
6066 3265 1380134
2679 8761 1025773
9672 8200 2234251
7497 9643 1635470
2986 6858 66778
2082 6445 458414
9904 2115 290280
9112 3379 410363
9177 8610 1228576
2405 16 2979238
9030 2229 3100168
606 2676 1697207
9750 2091 392187
1245 2272 198054
6973 2401 745388
8970 2711 1087495
4833 3781 5042
7790 5621 691576
5647 8380 1302528
139 642 744502
41 3476 514909
2677 46 455769
out: 
5427 1180 6463 1541
84 5142 1569 6627
7851 1819 8210 2179
6082 1784 6956 2727
4405 782 4828 1205
5180 5629 6121 6800
8800 5640 9154 6063
8835 4014 9586 4766
3515 8371 3807 8663
191 7723 1008 8670
5271 482 5898 1119
3855 6667 4067 6969
4118 7050 4680 7613
9320 5966 10000 7200
0 8779 1223 9400
7155 5736 7804 6384
6365 3796 6568 3998
1571 5545 2040 6013
7246 4752 7820 5326
3109 5851 3925 6666
6853 3662 7675 4484
2789 8599 3505 9314
6464 1070 7199 1765
8607 6608 9195 7196
6673 4506 7239 5072
5586 5065 5704 5183
4331 9355 6094 10000
1044 3336 1766 4059
2086 6370 2978 7262
6100 0 6832 815
8221 1459 9025 2440
5485 5208 5901 5624
7918 3485 8825 4392
3767 3597 4306 4095
5601 6821 5919 7140
2469 1633 2784 1948
2395 3822 2745 4173
5339 1763 6061 2485
5018 1353 5425 1759
4069 6365 5175 7045
4266 8261 5287 9281
4706 4707 5404 5405
557 9532 1370 10000
8092 9290 8710 9908
5699 8283 7114 9300
6501 7212 7389 8101
2166 2284 2878 2997
8036 7689 8212 7865
4328 2843 5262 3777
6314 6679 6841 7206
6262 831 6543 1052
3352 2849 4077 3574
2216 7344 2487 7615
9317 4957 9640 5200
8885 5203 9157 5556
5709 3520 6083 5204
1871 3109 2582 3810
7579 1209 8188 1818
511 1991 934 2303
0 8671 1982 8776
1874 1625 2465 2281
6233 1546 6459 1772
1771 2061 1869 5543
9159 5202 10000 5965
3173 3722 3668 4217
5901 0 6098 1175
0 8033 190 8384
4311 1239 4327 5560
1987 8201 2503 8716
7202 746 9025 1208
8471 4771 10000 4953
8514 5397 8779 5662
9967 804 10000 1433
2699 8324 2889 8584
0 9403 2185 9527
5291 8398 5694 9350
9902 966 9953 1254
2963 3115 3293 3445
6852 320 7185 652
3948 5565 4895 6362
7936 6344 8243 6651
3304 897 3335 3717
9193 7201 9772 7780
7824 5290 8503 5970
2811 5797 3095 6082
2882 2277 3241 3091
7207 169 7861 743
9849 46 9941 138
6087 4455 6670 5038
6329 3144 6850 3664
435 2709 1053 3328
2735 1959 3051 2275
9027 8840 9509 9322
2628 4454 3402 5229
8069 8833 8799 9275
1438 622 2439 1623
5466 2735 6316 3515
2514 8636 2767 8849
9672 8200 10000 9694
7082 9318 8076 9644
2986 6858 3244 7117
1657 6020 2084 6447
9834 2115 10000 2654
9087 3354 9728 3994
8722 8235 9178 8819
930 0 2656 267
9030 1159 9555 3349
256 2326 634 2684
9560 1991 9830 2617
1245 2272 1690 2717
6973 2401 7836 3265
8035 2441 9025 3464
4833 3781 4904 3852
7515 5346 7822 5652
5292 7145 5698 8397
139 642 1002 1505
41 3476 759 4193
2677 46 3352 721