in: 
117
8524 301 299601
3644 6433 1234628
884 9684 1076315
8216 7536 195554
9440 8972 1208831
1529 3977 420162
7423 4682 228260
7565 419 365887
7465 4924 904206
7595 7788 1023146
7933 4612 645995
5437 9884 590345
4010 4596 195039
1409 775 949511
756 6425 273016
7681 7349 3978194
9367 4832 85104
5858 8399 419978
4950 9404 1000583
2443 5439 2604316
1651 1538 203124
6958 1264 101563
7379 2386 1401145
1459 9342 418138
9049 5834 471950
9624 4854 812626
3551 7580 259383
9495 5023 1238396
3299 1190 740458
4 6569 206366
4185 6348 1029122
9488 330 913766
8268 2002 93213
942 4079 679554
118 4695 34773
8597 8211 1252516
4362 3988 100495
2440 2655 1055017
7670 3873 1538808
540 4002 2077063
9420 3440 1672699
9719 8979 78648
8430 6387 20376
2642 5604 1359953
6441 3923 2323246
9672 3915 312305
2047 1794 830383
9330 8895 847563
6961 326 68924
3681 7914 570849
8061 8282 175106
8233 756 496636
803 6371 1934631
1192 5104 636516
7055 7796 1754771
1160 4700 834953
8978 3866 466788
3124 6355 110898
2547 3078 182573
843 6141 1170197
7791 4885 2102423
966 5530 116924
7875 5228 1821661
3649 9802 1061430
5207 1696 377686
978 1462 759625
9395 7514 45529
8716 9727 1521186
8228 3732 59062
4451 9428 744923
3841 4205 1919795
7964 9080 672503
9314 9676 43379
5602 8464 35807
2280 3804 1306140
1861 7331 448596
7766 1520 1519072
9375 5831 284230
9618 5184 708828
6505 7872 571254
5835 4376 148812
8070 2688 125032
2648 4847 301987
1891 6455 8274
2191 6285 159
6398 914 759675
2249 3285 134871
5614 8021 2448083
1335 7811 169871
8247 7306 195705
7203 6271 770346
6069 1570 190979
5450 2222 966060
3124 8178 293919
1197 7511 377568
2039 7456 1374049
4222 8402 399978
9229 4169 2455391
4274 3155 445289
1980 4273 481070
345 2069 2234254
6296 9687 347944
598 3295 1612135
2770 1974 764400
2604 5348 2244680
917 1308 194493
2356 8818 399875
9262 1471 3638290
7513 4107 936730
6498 5916 2152559
5175 9874 1059671
9471 4208 237839
6014 6471 27541
625 894 3891383
1061 5710 2731450
2958 7475 377814
6720 6051 807609
out: 
8524 301 9071 849
3644 6433 4755 7544
884 9684 1921 10000
8216 7536 8658 7978
9390 8872 9700 9700
1329 3777 1857 4425
7173 4432 7541 4810
7565 419 8170 1024
7465 4924 7761 5150
7295 7578 8082 8274
7933 4612 8737 5415
5437 9884 6205 10000
4010 4596 4452 5037
1184 550 2158 1335
756 6425 1279 6947
6606 6324 7682 7450
9252 4707 9459 4903
5858 8399 6506 9047
4800 9254 5750 9800
1903 5354 2592 6283
1651 1538 1947 1913
6958 1264 7277 1582
6879 1886 8063 3069
1134 9017 1781 9663
9049 5834 9736 6431
9624 4854 10000 5756
3526 7555 3860 7890
9255 4908 9621 5029
3299 1190 4159 2051
4 6569 458 7024
3385 5398 4249 6413
9488 330 10000 1286
8268 2002 8573 2308
542 3679 1316 4454
118 4695 304 4882
8372 7986 9166 8780
4362 3988 4679 4305
1815 2200 2842 2937
7670 3873 8235 4519
0 2552 541 4003
9235 3265 9421 4109
9719 8979 9999 9260
8430 6387 8573 6529
2597 5479 3258 6220
5841 3323 7165 4567
9672 3915 10000 4474
1952 1339 2368 2196
9160 8795 9375 9190
6961 326 7224 588
3681 7914 4212 8444
8061 8282 8354 8576
8173 211 8523 1530
578 6146 844 6412
1192 5104 1900 5902
6615 7451 7165 9685
935 4475 1549 5089
8478 3366 9161 4049
2974 6245 3232 6463
2547 3078 2974 3506
0 5041 844 6142
7566 4660 7816 4910
866 5430 1008 5572
7770 5053 7925 5277
3649 9802 4679 10000
5107 1596 5722 2210
953 1437 1650 2133
9395 7514 9608 7728
8496 9727 9949 10000
8103 3607 8346 3850
3926 8903 4789 9475
2991 3355 4227 4590
7889 9005 8489 9825
9114 9526 9322 9685
5602 8464 5791 8653
2095 3529 2973 4497
1361 6831 2031 7501
7291 1045 8124 1877
8825 5411 9376 5832
9468 5034 9619 5626
6005 7452 6611 7978
5435 3976 5836 4377
8070 2688 8424 3041
2648 4847 3198 5396
1891 6455 1982 6546
2191 6285 2204 6297
6073 589 6945 1460
2124 3160 2491 3527
4764 7171 5979 8385
1335 7811 1747 8223
8097 7156 8464 7524
6768 5796 7206 6273
6069 1570 6506 2007
5450 2222 6433 3205
3124 8178 3666 8720
752 7506 1931 7806
2039 7456 2936 8353
4222 8402 4704 8885
9129 4069 9230 4961
4274 3155 4941 3823
1880 4173 2074 4366
0 1419 815 2538
6296 9687 6886 10000
543 2540 1813 3674
2370 1474 2819 2024
2004 4698 2605 5349
747 1208 918 1399
2356 8818 2988 9451
9137 1346 9875 3254
7188 3782 7656 4250
5248 4666 6565 6133
5125 9824 6079 9875
9396 4133 9659 4395
6014 6471 6180 6637
0 0 813 1051
936 5585 1189 5837
2958 7475 3523 8039
6570 4571 6766 6322