in: 
105
1939 4413 446877
2 2792 594025
3547 7620 1091513
7411 3740 1318765
6395 9541 1082214
8482 5628 873409
5943 9796 2323503
7987 1069 302215
1968 6518 540235
9352 1624 476653
3147 3320 1046763
8972 8600 1651952
9995 8816 1247687
699 3297 444813
8471 4543 1799063
2285 2095 428888
2922 3193 938244
7711 959 1004461
8355 9983 3447453
3553 1244 109524
5331 72 189798
3311 2540 973490
6284 7241 236201
5755 8352 361141
2040 1863 1253395
9884 8535 381016
3131 9354 773145
5939 2379 3423229
9767 7865 1485171
832 1337 334018
3296 9899 1299336
7061 6638 483046
8106 6029 1616481
107 1559 682646
3809 433 1949825
8757 1895 2805103
592 8009 476913
5526 8673 40361
9127 8718 612340
5795 8737 419119
1262 7412 22520
8138 8097 123767
2072 6191 1154095
7838 2964 1649460
3015 7598 342287
6065 7966 1485394
1173 353 363004
6177 3961 602683
5670 8688 1825365
749 6904 1422013
3178 7763 509765
8502 6578 267575
1946 2858 2858
885 5044 715447
2528 6421 159451
4248 8172 512861
1946 1692 446137
6867 3412 1117601
9205 9855 245834
159 8758 324557
4025 1912 184903
8725 3317 2049670
2009 5435 199672
2058 6266 2958885
2865 1711 2600040
5457 7429 3726294
1353 8684 955578
125 1740 2033713
9311 7914 158342
6094 2552 280843
8077 7365 14642
602 2565 41919
3502 8302 195245
8578 7828 240695
4343 2805 175960
3909 4797 437427
3658 2064 1510361
1865 4916 122431
4665 7243 1953050
5964 5682 375369
876 3305 1135131
4357 391 151980
9098 5184 1044527
3892 8266 2414706
9674 6530 28249
6433 9676 1400760
107 3014 614309
8022 3550 862055
5926 4511 1011640
7574 6812 711450
9452 2954 567937
7874 2132 890022
4725 1680 2066445
3255 9762 20947
7947 2276 21475
4649 7381 73761
3765 6237 855122
6201 4902 719749
4836 5989 255313
9023 6156 5872394
5146 305 76400
9837 5735 806019
5750 5276 1735142
239 7983 1305774
8811 2921 886949
out: 
1939 4413 2607 5082
0 2242 223 3012
3197 7270 4067 8020
7311 3740 8459 4789
6070 9126 7060 9625
8132 5278 8867 6012
5943 9796 7517 10000
7987 1069 8537 1528
1968 6518 2703 7253
9352 1624 10000 2315
3147 3320 4170 4343
8447 8075 9050 8936
9990 6316 10000 9948
334 2822 866 3464
8471 4543 9087 5160
2285 2095 2940 2750
2497 2768 3141 3411
6961 209 7963 1211
7520 9953 10000 10000
3553 1244 3884 1575
5331 72 5767 507
3161 2390 4073 3301
6284 7241 6770 7727
5730 8327 6131 8728
1415 1713 2130 2857
9884 8535 9985 9128
2881 9104 3760 9750
5049 1179 6089 2529
9627 7715 9870 8933
832 1337 1410 1915
796 9884 5561 10000
6861 6438 7556 7133
7561 4794 8127 6700
0 884 258 1710
3784 398 4605 1240
8407 1545 9250 2820
592 8009 1283 8699
5401 8548 5562 8749
9052 8643 9610 9200
5795 8737 6267 9120
1262 7412 1412 7562
7863 7822 8215 8174
2062 5611 2381 6516
7163 2289 8382 3409
2690 7273 3175 7758
5950 7731 7859 8275
1173 353 1775 956
6177 3961 6953 4738
5565 7943 5706 10000
49 6204 1241 7397
1938 7763 3192 8022
8327 6403 8844 6921
1946 2858 1999 2912
610 4769 1456 5545
2383 6246 2602 6496
4248 8172 4964 8888
1421 1167 1964 1710
6092 2637 7019 3694
9180 9830 9676 9885
159 8758 729 9327
4025 1912 4455 2342
8600 3192 9775 4523
1734 5160 2181 5537
1408 5546 2059 6267
2135 1111 3197 2074
4682 6654 5937 7910
1353 8684 2331 9661
0 1730 831 2161
9286 7889 9609 8212
4549 2532 7159 2632
8077 7365 8198 7486
602 2565 807 2769
3502 8302 3944 8744
8228 7478 8594 7843
4343 2805 4762 3225
3909 4797 4570 5459
3203 1639 4022 2368
1565 4616 1915 4966
3665 6243 4666 7244
5964 5682 6577 6294
876 3305 1941 4371
3982 16 4372 396
9098 5184 9800 6006
1392 8026 4246 8300
9674 6530 9842 6698
6433 9636 7392 9775
0 3014 221 5598
7022 3410 8575 3739
5151 3736 6157 4742
7574 6702 8117 7356
9352 2334 9973 3187
7374 1632 7992 2261
4025 1245 5048 1907
3255 9762 3375 9881
7622 2266 8273 2287
4524 7256 4671 7402
2840 5312 3766 6238
6126 4827 6974 5676
4836 5989 5341 6495
8868 6021 9275 8060
5046 205 5322 482
9827 3235 9955 6528
5225 4751 6117 5643
0 7408 582 8325
8386 2821 9348 3188