in: 
151
2167 5904 472325
9079 7162 1231575
3204 1379 654765
8685 6833 306668
8103 9725 431375
5560 1424 1203865
3976 9026 5333
8391 4045 1335686
5891 9081 808298
8632 2221 174118
2561 5655 69786
2768 7100 582704
9645 9958 74645
6142 4036 480008
9939 4254 137674
7562 5910 875086
2919 5015 237620
6026 7324 151055
8216 2042 847984
7453 97 703151
3666 8482 228182
648 2455 367322
6401 5927 1449852
9108 1707 89927
2472 8843 2843235
3480 4932 28889
7350 7225 362525
4000 3289 61997
1013 4114 222087
4384 2781 931729
9945 4845 42276
321 5722 758887
7754 8163 475588
5757 8773 2170571
4846 3584 275631
4858 7891 5799
8620 7990 142280
7694 687 417853
5563 1094 832163
2812 6650 2283325
3582 5582 36684
2350 7832 1275846
4317 4343 823186
9228 159 328220
5945 3262 220021
2726 7557 1383642
1782 4469 427370
814 1999 616598
5630 9056 122600
7600 4472 401775
7466 3942 294088
1200 4151 292698
1113 1497 29440
7628 1328 116496
138 4991 2841265
866 1884 103445
1095 6152 82570
8619 3768 303069
5876 532 941510
7283 6572 749007
6259 2685 535006
8765 9352 75297
3250 9870 12835
581 454 385731
7175 7249 943987
6244 8261 121462
3325 7377 1848381
5015 2541 4444121
139 899 790620
631 7532 654211
798 5426 453683
4907 1572 1889070
6974 5953 1270594
2661 5816 316246
7847 8782 314754
1811 4212 3498359
9785 6480 699090
8330 5486 186682
4305 2662 218383
2030 6651 927509
8265 4018 830274
8841 2655 406063
687 9105 88949
2362 5337 342932
7939 3111 251512
6071 7421 735436
5665 8016 416810
9488 183 677082
2199 3715 66246
9868 1185 1039742
1246 5616 724785
5775 1095 261295
9541 7134 1279948
8197 7776 308280
447 5649 243147
8104 7626 95445
4849 9151 1860147
8409 5555 36291
6168 9817 79809
5883 6000 136519
1208 5618 131498
9257 8116 283651
7384 8722 1161959
9048 8777 1032053
4471 9584 312726
5354 8936 229307
8052 8108 502523
2783 9166 757454
3638 5398 401702
3545 3593 5078
4690 2608 112546
2864 6155 636388
7911 2217 7467
6137 3602 593524
6222 9596 815476
6244 3041 1680
6120 3976 291902
6476 9452 126775
6463 2108 752507
228 550 1505624
1509 4893 63917
8732 547 793326
5420 3465 17089
3446 8100 1344982
2485 1331 2340702
5724 5180 139264
2966 5692 403013
6168 1526 623775
4210 1136 2794126
6361 9202 319950
1653 9057 1183204
2508 5048 707257
1507 9157 65754
5131 1474 1404013
9167 983 733972
17 5335 502377
4582 5553 542828
969 938 623032
8723 5416 777430
6699 2835 456619
6232 6331 608681
7222 7879 321567
378 3855 1060809
1429 1481 610481
188 2753 568805
3110 3030 356801
4224 3966 719924
9637 7400 2127962
3770 463 247914
7890 2916 333969
6895 3756 1914515
out: 
1777 5904 2663 6400
9054 7137 9625 7897
3204 1379 4013 2188
8485 6633 9039 7187
8103 9725 8760 10000
5445 1249 6157 2021
3976 9026 4049 9099
8391 4045 9547 5200
5641 8831 6340 9530
8632 2221 9049 2639
2436 5530 2700 5794
2743 7075 3306 7639
9645 9958 9918 10000
6142 4036 6735 4629
9939 4254 10000 4625
7537 5885 8472 6821
2919 5015 3406 5503
5726 7024 6115 7412
7916 1742 8612 2438
7203 0 8042 685
3666 8482 4144 8959
648 2455 1254 3061
6321 5777 6955 6481
9108 1707 9408 2007
1672 8043 3308 9150
3480 4932 3650 5102
7350 7225 7952 7687
4000 3289 4249 3538
713 3814 1184 4286
4359 2756 5174 3572
9945 4845 10000 5050
271 5722 1092 6493
7704 8163 8369 8777
5007 8023 6055 8825
4846 3584 5371 4109
4858 7891 4934 7967
8620 7990 8997 8367
7694 687 8340 1334
4638 169 5564 1095
2762 6600 3223 7061
3582 5582 3774 5773
1425 6907 2555 8036
4317 4343 5224 5251
8903 0 9476 407
5795 3112 6264 3581
2556 6597 2742 8039
1782 4469 2436 5122
714 1899 1249 2434
5405 8831 5631 9057
7600 4472 8234 5106
7441 3917 7883 4360
1200 4151 1591 4542
1113 1497 1285 1668
7398 1028 7669 1370
138 4891 774 5626
541 1559 867 1885
1095 6152 1382 6440
8344 3493 8895 4043
5576 232 6421 998
6958 6247 7523 6813
6259 2685 6665 3092
8765 9352 9039 9627
3250 9870 3363 9984
431 304 1052 925
6750 6824 7347 7420
6244 8261 6593 8609
3325 7377 4035 8086
4705 2146 6158 2754
0 574 428 1188
606 7507 1415 8316
798 5426 1022 5649
4907 1572 5356 2142
6959 4463 7536 6245
1776 5796 2863 5899
7847 8782 8408 9343
1606 3917 2476 4468
9785 6480 10000 7316
7955 5111 8387 5543
3855 2212 4322 2680
1980 6481 2268 6889
7890 3743 8326 4079
8841 2655 9478 3292
687 9105 985 9403
2162 5137 2548 5522
7839 3011 8341 3512
6071 7421 6904 8253
5015 7366 5666 8017
9488 183 10000 1006
2124 3640 2381 3898
9868 1185 10000 2204
1221 5591 1772 6143
5565 1000 7396 1166
9041 6634 9542 7135
8072 7651 8527 8106
0 5639 785 5717
7954 7476 8113 7635
4774 9076 5638 9425
8409 5555 8600 5745
6168 9817 6451 10000
5858 5975 6137 6345
1033 5443 1209 5619
9257 8116 9790 8648
6909 8247 7687 9025
9048 8777 10000 9793
4471 9584 5030 10000
5254 8836 5383 8965
7777 7693 8053 8159
2783 9166 3503 9850
3413 5173 3797 5557
3545 3593 3616 3665
4365 2283 4700 2619
2864 6155 3287 6577
7811 2117 7912 2218
6137 3602 6557 4023
6172 9546 6925 9800
6194 2991 6245 3042
5745 3601 6135 3992
6351 9327 6557 9533
6163 1808 7030 2676
0 0 430 572
1509 4893 1762 5146
8607 422 9148 962
5420 3465 5551 3595
3311 8090 5006 8479
1660 506 3190 2036
5724 5180 6097 5553
2866 5592 3426 6152
6168 1526 6433 1791
4185 1111 4732 1657
6341 8782 6897 9322
928 8332 1666 9058
2438 4473 2914 5134
1507 9157 1763 9414
4756 1099 5216 1559
9167 983 9475 1314
0 4735 126 5444
4582 5553 5319 6290
969 938 1508 1478
8723 5416 9605 6297
6699 2835 7375 3510
6142 4651 6317 7416
7172 7829 7589 8246
0 3155 708 4115
1289 1481 1655 3033
0 2378 567 3132
3060 2980 3657 3578
3849 3591 4597 4340
9627 4900 9783 8114
3770 463 4268 961
7415 2441 7968 2994
6845 3706 7429 4289