in: 
99
7104 4798 498900
9003 5371 381387
6547 3040 545872
828 4652 414475
3153 5101 668110
6185 8271 691787
5756 6965 1323879
3803 9885 1944868
441 5743 587855
4768 9452 571246
5128 1085 272365
4051 998 914685
4343 5345 614071
7594 1763 658513
4829 6138 71889
4533 4003 195666
9005 7788 119771
8203 1182 3087723
9639 8983 351659
6352 4281 2227053
2284 8999 1788991
6885 8910 1297169
7638 3412 1184534
3072 4856 19999
9983 4971 15727
7803 4395 1848006
9956 2612 331974
360 758 162817
4868 1346 1309109
5962 6459 3101414
2879 8879 1344973
9250 7313 2141785
3458 9815 970631
4923 7383 971459
8642 1544 109275
4250 8318 271394
7801 2763 369853
4632 2561 3155956
8239 6807 2677
8449 7465 505635
3946 9871 360284
3069 2859 427733
9054 5527 1581553
7610 5443 1848331
895 7933 26165
7464 7494 198739
7733 7003 2518829
6433 380 540667
2151 5935 2989469
1304 3965 525713
483 4674 111906
3954 409 1893395
4086 59 56125
3711 7335 1905312
163 2328 370814
220 1071 380401
5237 109 3766617
836 4572 85665
3897 8735 1337797
4148 7085 39606
9727 4577 2016891
1308 5292 52153
3829 2085 2411246
7769 2276 1145314
9621 5136 2364551
3251 185 675026
2686 9135 1066637
4350 4557 1028138
9597 4124 3126113
5752 779 1463607
3666 7259 568543
1068 3997 129243
7677 5410 298709
4371 1036 427745
5176 549 536696
4825 7495 1262810
2431 8421 68876
7149 2339 1077273
6373 1728 918524
4373 17 705685
6734 1222 607017
5196 8815 27628
873 1780 528759
3726 7323 181877
8100 1059 1251735
757 2344 292071
5392 4643 2877898
9644 7449 34206
2703 9220 776021
2534 7677 1107684
5416 1573 1164522
8360 2662 1088191
6582 8189 1077016
8353 3647 3618706
6567 3428 178726
7553 3089 2291932
2770 2492 409779
3844 6970 871509
7720 1458 2260670
out: 
7099 4318 7585 5279
8768 4896 9146 5513
6172 2665 6911 3244
803 4627 1447 5271
3153 5101 3970 5829
6110 8266 6867 8952
5756 6965 6907 8025
3803 9885 5198 10000
441 5743 1208 6509
4643 9327 5399 9875
5078 1035 5600 1497
3676 623 4282 1230
4343 5345 5127 6128
7369 1538 7980 2150
4829 6138 5097 6406
4533 4003 4975 4446
9005 7788 9351 8134
8128 1177 8635 1614
9639 8983 10000 9576
5602 3681 7094 5024
1709 8424 2747 9045
6885 8910 8024 10000
7588 3362 8251 4026
3072 4856 3213 4998
9983 4971 10000 5097
7678 4270 8662 5255
9706 2362 10000 3438
360 758 764 1161
4418 896 5062 1540
5137 5634 6448 6945
2879 8879 3739 9640
8475 6538 9251 7777
3308 9665 4268 9825
4913 7333 5659 8118
8642 1544 8973 1874
4250 8318 4771 8839
7701 2663 7994 3096
4072 1891 5394 3412
8239 6807 8291 6858
8224 6860 8470 8026
3921 9846 4421 9875
3069 2859 3723 3513
9054 5527 9650 6434
7585 5438 8520 6352
895 7933 1057 8095
7464 7494 7910 7940
7083 6353 8220 7490
6433 380 6993 941
2051 5835 3455 7239
1229 3890 1954 4615
458 4649 793 4983
3394 0 4085 600
4086 59 4248 221
3711 7335 4491 8216
138 2303 747 2912
0 571 337 1188
5187 0 6428 655
586 4322 879 4614
3827 8685 4229 9066
4148 7085 4347 7264
9667 4577 9885 5972
1308 5292 1536 5521
3054 1310 4070 2086
7769 2166 7994 2521
9171 4686 9622 5513
2551 0 3373 306
111 9050 2874 9216
4250 4457 5039 5246
8682 3149 9598 4667
5652 679 6412 1439
3466 7059 3720 7313
868 3797 1228 4156
5177 5410 8763 5436
4296 961 4400 1115
4651 24 5184 556
4495 7335 4909 8313
2156 8146 2432 8422
7099 2289 7562 2752
6243 1668 7081 2437
4258 0 4648 547
6634 952 6988 1666
5196 8815 5362 8981
873 1780 1600 2507
1226 7318 5752 7330
7175 134 8194 1153
752 1269 872 3535
5057 4368 5588 4840
9644 7449 9829 7634
1948 9220 2874 10000
2434 7577 3261 8405
4451 1568 6240 1887
8010 2312 8678 2980
5677 8029 9003 8265
8273 3002 8600 4245
6467 3248 6665 3676
7228 2764 7677 3343
2495 2217 3135 2857
3804 6870 4128 7253
7420 1178 7749 1526