in: 
138
4731 9768 984554
1368 3495 589847
3634 7417 957959
8149 7913 446188
9387 850 3949846
597 9931 1062662
5899 8744 190830
1872 2517 106352
2886 6393 3969
7704 8112 325240
7510 1184 90160
5982 4218 140756
9221 6239 943302
2825 6327 492306
1206 2967 153750
6009 6380 372
5248 3743 719960
3651 5173 369018
8311 2790 859713
4760 971 79488
7081 3036 61685
4168 8895 445524
1823 7196 1025831
7750 6206 16421
1429 5335 4087512
7039 7299 668971
9257 1062 2184353
605 6604 133506
5284 5147 472679
3770 9896 1102914
6091 1509 1785547
279 4269 1166423
808 7147 497682
7452 6785 175508
4993 4413 55311
2277 2398 713916
3355 4056 240498
2531 4693 48611
2197 6802 1100429
1104 4764 19744
3900 3927 294755
961 3500 687964
7627 1719 208718
6136 1471 1766968
6140 8755 569325
8944 6226 2274900
9233 2108 1342583
431 8631 540144
5045 8768 2459843
7581 7992 513104
4629 589 1003836
7694 1653 98724
2172 8295 1649855
5999 8504 104693
4964 6732 247424
6722 2299 437982
4513 6481 160888
7502 124 867913
1754 2103 752849
5084 5795 116536
8419 5771 2085672
7600 3898 78049
2494 2739 585077
4191 7490 129990
3297 1144 401491
2095 8390 391474
2976 480 374096
4164 5253 1571497
937 334 385581
9246 5804 301637
3478 9941 76127
2737 1860 869994
2082 2796 240698
6113 2266 620536
7429 5298 107001
3387 3646 61693
2608 7460 549597
9456 3382 531512
2237 9494 113125
9548 9012 164208
8638 8266 187750
9599 2451 1450301
1278 364 1226504
6177 2756 1089162
9419 6163 122942
1219 6263 1238939
4486 6429 561114
7003 9514 3842416
9623 6168 80147
3017 1593 1260820
2988 21 353398
6212 261 750918
5202 8606 414129
6429 2799 1315402
1509 5034 381512
8102 7830 98524
2680 2621 663070
8090 2015 185928
6044 2278 1006811
2822 2233 1083946
6768 9232 1606879
9086 1973 2370108
7816 6224 1029077
4347 7764 502532
4218 1116 269294
7282 8001 12067
8153 7349 1662820
798 7451 1057382
3921 2559 248619
2798 2538 264958
8265 1407 1914879
8075 1825 1018456
1690 7887 471230
990 5465 29615
1940 3628 90459
4634 3697 1702340
9074 3576 1607649
3429 9545 46045
3057 8375 538233
4463 6328 140712
8743 8964 323449
505 9706 275281
4166 3991 177672
6881 7709 3279000
7547 4124 1085774
8753 5227 825659
3774 451 386281
6154 4366 5350
1098 5522 189075
6344 2901 689748
2375 5434 1682186
4027 6168 222513
5240 8937 288149
2188 4562 762712
2811 7633 100099
646 6747 793978
4430 8119 376512
8793 1473 432079
out: 
4731 9768 5723 10000
1168 3295 1936 4063
3209 6992 4188 7971
8074 7838 8617 8381
9337 800 9600 2438
597 9901 1628 10000
5699 8544 6136 8981
1822 2467 2148 2793
2886 6393 2949 6456
7604 8012 8049 8458
7510 1184 7810 1485
5757 3993 6132 4368
9221 6239 10000 7210
2175 5677 2877 6378
1131 2892 1523 3284
6009 6380 6028 6400
4898 3393 5747 4241
3551 5073 4158 5681
8161 2640 9088 3567
4760 971 5042 1253
7081 3036 7329 3285
4168 8895 4835 9563
1698 7071 2586 7959
7675 6131 7803 6259
1154 5060 2151 6057
6914 7174 7707 7967
9132 937 9325 1865
380 6379 745 6655
5284 5147 5972 5834
3670 9796 4720 9900
6066 1484 6827 2245
4 3994 1084 5074
808 7147 1513 7853
7402 6735 7821 7154
4993 4413 5228 4648
2152 2273 2557 2718
3355 4056 3845 4547
2531 4693 2751 4914
1797 6402 2446 7051
1104 4764 1245 4904
3850 3877 4143 4170
761 3300 1165 3705
7602 1694 8059 2151
5061 396 6140 1476
6140 8755 6745 9359
8444 5726 9200 6935
9168 1983 9250 2516
431 8631 1166 9366
4895 8618 5538 8925
7396 7972 7602 9229
4004 0 5006 966
7544 1503 7733 1692
2097 8220 3056 9180
5699 8204 6023 8527
4964 6732 5461 7230
6722 2299 7384 2961
4513 6481 4914 6882
7502 124 8434 1055
1229 1578 2097 2445
4934 5645 5275 5987
7444 4796 8438 5790
7600 3898 7879 4178
2494 2739 3259 3504
4191 7490 4452 7750
3297 1144 3931 1777
1670 7965 2096 8391
2976 480 3588 1091
4164 5253 4918 6006
637 34 1258 655
9221 5779 9545 6103
3478 9941 3754 10000
2487 1610 3095 2217
2082 2796 2473 3186
6113 2266 6601 2753
7104 4973 7431 5300
3387 3646 3635 3895
2608 7460 2799 7652
9456 3382 10000 4111
2237 9494 2573 9831
9548 9012 9953 9417
8638 8266 9071 8700
9599 2451 9725 3381
1278 364 2385 1472
6117 2756 6321 3989
9419 6123 9495 6238
1079 6063 1782 6826
4461 6364 4535 6478
7003 9514 8963 10000
9598 6143 9681 6226
2517 1093 3018 1594
2838 0 3432 466
6212 261 7079 1127
4552 7956 5203 8607
6429 2799 6701 3071
1249 4284 1710 5055
7777 7505 8103 7831
2630 2571 2794 2736
8090 2015 8521 2446
5139 2248 6112 3212
2822 2233 3313 2724
6768 9232 7536 9500
8811 1698 9125 2637
7816 6224 8305 6714
4347 7764 4531 7948
4218 1116 4737 1635
7282 8001 7392 8111
8128 7324 8618 7813
98 6831 801 7455
3921 2559 4420 3057
2573 2313 2813 2552
8090 1232 8774 1916
8060 1060 8089 4334
1515 6827 1696 7963
915 5390 1087 5562
1940 3628 2241 3929
4159 3222 4889 3951
9074 3576 9450 4294
3429 9545 3644 9759
3057 8375 3791 9108
4388 6253 4488 6353
8718 8939 9287 9507
405 9606 930 9900
4166 3991 4588 4412
5581 6409 6892 7720
6722 3299 7589 4166
8453 4927 9237 5710
3599 276 3996 672
6154 4366 6227 4439
1088 4907 1128 6062
6324 2756 6425 5481
2175 5234 2597 5656
3902 6043 4374 6514
5240 8937 5677 9374
1713 4087 2511 4886
2811 7633 3127 7950
0 6657 1077 6828
4280 7969 4544 8232
8793 1473 9000 1681