in: 
85
655 6686 1998834
8790 3370 424111
2998 1150 734215
2568 3402 2742664
2946 2419 1033007
9545 8705 772228
8900 4382 4465376
2341 2913 15312
7446 3153 2104429
4190 1027 249749
769 7965 179778
7953 9223 1588281
5987 7544 486778
2366 466 665615
6276 485 147938
7414 825 1434848
715 8946 1107709
5380 5444 1742542
6128 9068 1588079
5318 6625 1195054
301 6548 481002
4708 9161 82292
492 7347 1285607
5128 8218 265344
5763 9891 18927
8320 9884 559863
3162 2982 306187
7363 9370 2315661
371 2985 294981
7601 9206 719749
3960 7075 1906941
4746 672 2052976
8366 8635 4014259
9624 9462 585496
8163 8264 399110
8078 750 164980
7938 7912 1366168
1381 8334 525500
2670 2501 492426
8266 6341 1346380
8199 8810 258068
1757 7087 3010329
1890 242 777333
5795 858 662987
1510 4119 551774
8821 9345 972972
9892 9235 1058411
6281 6127 58800
1938 9502 246424
5232 6730 1457115
8188 3017 2251304
300 4472 111756
6456 8421 1815521
844 281 259131
7545 9410 2823701
548 3490 2604259
9784 3156 669957
8050 7757 201442
8648 5230 2633152
8761 4245 1546865
7366 3196 437987
7664 3605 2263502
1066 5287 418810
1700 7869 468551
8313 9625 328012
2305 1870 1414193
4278 187 632671
7627 3197 945807
415 9222 898056
7276 1705 4625435
2812 2315 186374
6255 8536 1621352
8156 4691 2841899
1660 1398 938516
5477 7397 1589220
3220 9302 235583
8939 5973 3190496
3089 9525 3714637
3703 1832 188577
1981 1278 77224
5752 459 501260
9068 9833 1330460
555 6971 323558
2561 6905 40414
3836 4322 2955709
out: 
425 5936 2566 6687
8790 3370 9441 4021
2863 975 3680 1832
2168 3002 3824 4658
2861 2294 3487 2961
9470 8630 9845 9379
8775 4257 9475 5910
2291 2863 2415 2986
7371 3078 7572 3278
4190 1027 4690 1526
769 7965 1193 8389
7853 9123 8738 9525
5987 7544 6685 8161
2041 141 2857 807
6276 485 6661 689
7414 825 8612 2023
715 8946 1767 9999
4955 5019 6275 6339
6103 9063 7128 9950
5243 6550 6086 7393
0 5973 420 6666
4708 9161 4995 9448
142 6997 1101 7956
5128 8218 5563 8733
5763 9891 5901 10000
8320 9874 9068 10000
2417 2962 5665 3001
7363 9370 7535 9371
321 2935 864 3478
7151 8756 7749 9300
3735 6850 5116 8231
4696 622 5779 1705
8211 8385 9445 8900
9624 9382 10000 10000
7863 7964 8270 8371
7728 400 8134 806
6763 6737 7939 7913
1256 8209 1981 8934
2095 1926 2717 2627
8266 6341 9426 7502
7774 8385 8207 8818
1757 7087 2867 8137
1140 0 2022 373
5795 858 6179 1322
1410 4019 2153 4762
8756 9320 9432 9625
9847 6735 10000 9310
6281 6127 6473 6370
1938 9502 2354 9999
2567 6340 5239 6847
7688 2517 8788 3408
300 4472 634 4807
6261 8246 7053 9019
619 56 1128 565
7520 9385 7835 9411
548 3490 1387 4329
9529 2901 10000 4229
7950 7657 8199 7946
8123 4705 8750 5602
8136 3410 8762 4246
6691 2521 7367 3197
7389 3290 7668 3610
1066 5287 1713 5934
1195 7779 1755 8208
8238 9550 8736 9850
1670 1295 2344 1909
3903 0 4698 608
7627 3197 7675 3244
0 8572 713 9350
6181 690 7412 2025
2722 810 2859 2961
5565 8166 6258 9060
7731 4266 8167 4692
835 573 1669 1467
5117 7397 5983 8157
3220 9302 3705 9788
6474 5913 10000 6339
2359 8140 3216 10000
3703 1832 4137 2267
1731 1028 1984 1281
5202 0 5910 617
8843 9648 9600 9834
405 6691 654 6980
2536 6880 2737 7081
3836 4322 4930 5416