in: 
198
1405 1595 169319
4034 5595 106835
7525 6262 237330
1034 8239 97456
4130 4071 304668
9304 3107 287090
3092 420 1082041
9437 2853 9950
8306 1357 218611
8828 1862 386912
4895 9232 216494
9238 4691 619242
8792 1924 92710
6730 1359 514830
4972 3065 964567
2027 8197 144531
1230 1622 847352
942 7135 89853
3210 4515 1061801
9021 3061 33060
7653 4704 200666
2704 249 514613
3338 9195 234217
2128 4959 1719211
7455 3158 164429
7148 9268 12778
7487 7537 294225
222 5763 1018799
422 7220 277187
7604 18 225998
1622 6594 157177
9198 1050 1040920
980 467 109819
8534 1957 1198099
2046 8437 1710540
7589 752 214452
5034 3899 573963
9388 3353 103363
4465 9345 609973
6705 6765 287282
4046 9060 733552
1583 1410 72475
4469 7991 32481
9590 6861 223876
5550 7311 11652
2433 2160 507067
7828 3580 868556
1952 2626 594648
2894 2730 375353
7800 2942 31528
3522 7043 1018225
8878 4849 55393
2003 7772 243874
6903 2956 864173
7297 5253 105548
7656 9256 407068
8501 2986 63610
4319 1637 740766
3352 2786 892938
1400 1906 953525
5215 9342 75393
2497 8010 158776
4552 2520 609101
5440 8699 729138
610 1854 346671
562 3070 2061454
5179 5952 110794
6617 2193 661591
1772 9176 454258
3029 8654 5195
9632 2850 491532
2099 4345 266379
7906 7728 213693
6462 4301 1037070
5081 7841 476270
12 8613 552062
5891 4294 749276
7029 4992 82458
8269 7630 256746
9114 2675 447893
4775 3819 564143
9749 617 205314
8278 168 154167
5951 9469 510055
9547 4794 194754
1891 2500 680123
6328 8181 71513
6946 3565 28772
1517 7860 80162
8318 5488 303243
4952 9753 141287
6318 7658 64967
6936 8532 1958728
1173 9188 746616
1658 4218 43823
2978 6579 1671535
9539 3581 510818
4366 60 2448236
7718 5765 1162634
1823 6726 427056
9130 5221 175624
4847 4216 112066
6702 4541 492033
2836 5716 905044
6909 7566 261133
9996 877 546727
8136 791 25226
5233 4519 147277
1841 6690 30785
2805 6875 795001
6772 5617 930102
5995 1996 13368
680 6189 178934
4496 9957 502145
499 2437 263857
6120 1017 1099258
6182 5547 803624
6407 7987 293017
6390 3099 390639
4755 3191 429035
6497 8225 27725
3200 7983 449077
7656 12 1599755
5721 2374 1513216
888 3016 111422
796 311 332083
690 5676 165988
816 4648 8142
4205 342 376842
2379 9038 417148
3970 8525 209797
8806 1494 1039132
8564 3554 27938
912 8579 317668
8492 920 4822717
9578 2049 204570
7350 875 620481
2665 2490 180879
7307 3227 28112
9442 5399 79966
6978 9554 1082
7172 189 462565
6016 1777 47214
1092 1922 557142
8021 4923 269870
4593 51 562294
9176 159 127332
9675 7357 1131133
1734 9927 18962
6615 7801 727078
989 9531 557731
4353 1033 863098
7326 6259 85216
6207 1155 1160101
9702 6261 342921
861 8402 1477449
5448 3484 39895
201 769 511457
4451 2416 604430
7401 6037 1600784
4133 9130 107662
2454 991 298433
6473 9304 869483
2497 883 39394
1100 5832 93249
9408 7302 386103
1691 6343 568222
6483 2274 495863
7860 9191 310339
4786 9287 1341860
7185 8155 390612
8503 7187 154571
1043 7899 446327
7417 9143 618525
5970 5786 650424
1139 356 113792
3511 2303 346452
5409 7379 560353
3189 5729 140600
2620 4364 203965
5796 2848 312104
6083 9459 445207
7899 8401 60720
2185 5806 403239
8297 5771 66198
3546 4290 554977
6321 2326 1096501
5445 1148 536650
6971 8292 905254
19 8317 1999611
9735 1782 135866
4845 5840 260711
1643 1845 1191557
2989 3796 860860
1213 5834 1193412
2086 2304 305242
6827 3245 647537
9576 2406 110451
out: 
1255 1430 1651 1831
4034 5595 4361 5922
7525 6262 8012 6749
1034 8239 1346 8551
4130 4071 4682 4623
9054 2857 9540 3343
3092 420 4132 1460
9337 2753 9438 2854
8306 1357 8674 1724
8828 1862 9450 2484
4855 9132 5210 9548
8888 4341 9525 5003
8617 1749 8821 1954
6730 1359 7448 2076
4772 2865 5429 3522
1877 8047 2257 8427
330 722 1251 1642
942 7135 1242 7435
3085 4390 4115 5421
8871 2911 9053 3093
7553 4604 8001 5052
2354 0 3071 617
3338 9195 3822 9679
1553 4384 2864 5695
7455 3158 7860 3564
7148 9268 7261 9381
7362 7412 7904 7955
0 5188 656 6198
397 7195 923 7722
7604 18 8079 494
1422 6394 1818 6791
8923 775 9725 1796
880 367 1211 699
8534 1957 8804 2226
2046 8437 2629 9020
7589 752 8052 1215
4884 3749 5642 4506
9388 3353 9610 3574
4140 9020 4671 9425
6705 6765 7241 7301
3521 8535 4127 9142
1333 1160 1602 1429
4469 7991 4649 8171
9590 6861 10000 7334
5550 7311 5658 7419
2158 1885 2745 2472
7828 3580 8760 4512
1952 2626 2723 3397
2744 2580 3332 3167
7800 2942 7978 3119
3447 6968 4456 7977
8628 4599 8879 4850
1778 7547 2272 8041
6853 2906 7283 3335
7297 5253 7622 5578
7656 9256 8294 9894
8501 2986 8753 3238
4219 1537 5080 2247
3352 2786 4297 3731
1400 1906 1901 2408
5215 9342 5490 9616
2497 8010 2895 8409
4452 2500 4882 2851
5215 8474 6069 9328
410 1654 974 2218
562 3070 1698 4206
5179 5952 5512 6285
6517 2093 7305 2882
1772 9176 2446 9850
3029 8654 3101 8726
9632 2850 10000 3551
1749 3995 2115 4361
7906 7728 8368 8191
5912 3751 6680 4520
5006 7766 5696 8456
12 8613 755 9356
5666 4069 5907 4309
7004 4967 7291 5254
7919 7280 8351 7711
8939 2500 9283 2844
4500 3544 4876 3920
9749 617 9975 1045
8278 168 8671 560
5951 9469 6665 10000
9547 4794 9988 5236
1891 2500 2016 2624
6228 8081 6495 8349
6946 3565 7116 3734
1492 7835 1775 8118
8318 5488 8869 6038
4952 9753 5328 10000
6318 7658 6573 7913
6711 8307 7536 9131
998 9013 1762 9725
1658 4218 1742 4253
2828 6429 3446 7047
9539 3581 10000 4295
4366 60 5431 1124
7543 5590 8196 6244
1823 6726 2476 7380
9005 5096 9424 5515
4697 4066 4882 4251
6702 4541 7103 4943
2836 5716 3187 6068
6834 7491 7345 8002
9996 877 10000 1617
8136 791 8295 950
5233 4519 5617 4903
1821 6555 2001 6721
2480 6550 2822 6891
6747 5592 7386 6232
5995 1996 6111 2111
680 6189 1103 6612
4221 9712 4930 9958
499 2437 1013 2950
5445 342 6243 1141
5982 5347 6728 6094
6357 7937 6498 8079
6190 2899 6815 3524
4430 2866 4760 3196
6497 8225 6664 8391
3200 7983 3745 8528
6381 0 7657 13
5551 2124 6176 2829
838 2966 889 3067
296 0 872 388
690 5676 1097 6084
816 4648 906 4738
4155 292 4344 481
2379 9038 2500 9159
3770 8325 3978 8533
8691 1469 8900 1589
8414 3404 8581 3571
887 8554 1326 8992
8297 565 8773 1356
9578 2049 10000 2502
6800 325 7588 1112
2665 2490 2740 2566
7307 3227 7450 3369
9442 5399 9725 5682
6978 9554 7011 9587
6997 14 7302 319
6016 1777 6233 1995
1092 1922 1338 2169
8021 4923 8540 5443
3843 0 4594 52
9176 159 9533 516
9675 7357 10000 8420
1734 9927 1872 10000
6590 7776 6818 8003
764 9306 990 9532
4153 833 4357 1037
7301 6234 7518 6451
6207 1155 6709 1657
9702 6261 10000 6846
186 7727 1002 8542
5448 3484 5648 3683
0 394 316 884
3886 2251 5548 2499
7391 5582 7541 6232
4128 7980 4136 10000
2454 991 3000 1538
6323 9154 6855 9450
2397 783 2595 982
1100 5832 1180 5913
8983 6877 9575 7499
1216 5868 1720 6372
6208 1999 6512 2303
7585 8916 7917 9248
4696 7417 4854 9708
7035 8005 7335 8305
8503 7187 8896 7580
1018 7874 1361 8217
7417 9143 7583 9280
5170 4986 5976 5793
889 106 1140 357
3386 2178 3885 2766
4784 6754 5533 7412
3189 5729 3564 6104
2170 3914 2622 4365
5796 2848 6180 3231
5958 9334 6200 9460
7899 8401 8145 8648
2185 5806 2820 6441
8197 5671 8304 5779
2996 3740 3641 4385
6321 2326 6493 2498
5445 1148 6053 1755
6696 8017 6972 8294
0 7067 183 8481
9735 1782 9875 2025
4645 5640 5156 6150
978 1835 2154 1901
2614 3421 2992 3799
1203 5834 1230 5852
1916 2204 2088 2307
6817 2885 6852 4539
9451 2281 9577 2407