in: 
94
8111 5527 724051
4247 7712 1495705
1092 821 276972
2304 3001 2119794
4730 6314 259272
2625 9244 1607921
2561 9758 1563902
7771 951 237105
4969 3722 4274312
3156 9159 2021746
2111 7611 26706
5433 4577 335128
6827 8033 1651951
9551 7788 1867133
1508 9908 556062
9812 8439 297480
5528 6582 1411952
3827 6873 1561555
7781 5390 1493912
6464 2295 340334
4234 1602 81698
799 8969 3193991
9944 1055 490539
6381 381 1148602
3966 3444 16688
4671 3567 301638
7390 1272 371120
5131 1244 387561
8879 2991 1720227
3128 6034 191261
2314 1717 262863
3505 8002 907203
9159 1728 694856
4939 3607 161259
9340 3314 1928533
4323 6936 427891
7821 6649 97730
9797 8447 403510
7218 6747 466544
5057 3916 17779
4174 3302 517294
5796 6756 1066416
3342 1902 468288
6913 9229 797185
2752 5609 549438
7290 4166 169051
6530 3835 787488
7346 9119 3545772
3365 5093 837798
7654 9126 4354487
4355 185 94345
2557 905 408904
671 1782 834441
6748 5505 1080259
7298 6447 1523307
4397 7338 6955475
2925 7495 129447
8427 6574 197992
2026 4224 1646891
5158 5224 485684
1198 6134 347686
8667 7835 1601475
5058 5814 36482
2989 1936 3106385
9197 5380 995709
5841 823 1041085
7313 5325 777506
4384 4360 1796988
7629 1265 658602
9777 4490 475410
4752 5865 748983
7040 3050 34640
599 4765 85130
5252 2849 150706
4635 9241 241534
9891 7129 1075805
5155 985 642760
9225 2699 645570
8145 8228 6675530
3154 7678 2273129
1016 6716 518486
655 6306 1019836
5683 8598 1483229
6218 9591 617210
9296 2722 58995
5289 5017 3295092
1864 9360 899156
4933 4471 79368
5389 1154 1408280
9956 5592 828081
1886 1300 1631869
6667 9413 392562
2535 7807 200372
8836 5526 311901
out: 
8106 4947 8692 6108
4247 7712 5470 8935
1092 821 1618 1348
2304 3001 3760 4457
4730 6314 5239 6823
2625 9244 3893 10000
1886 8258 2582 9824
7771 951 8258 1438
4744 3682 6506 3915
2606 8609 3803 9225
2111 7611 2274 7775
5433 4577 6012 5156
6602 7808 7537 8744
9326 7563 9725 8880
0 9828 2624 10000
9802 8439 10000 8985
5253 6307 5791 6846
3302 6348 4277 7322
7481 5090 8103 5713
6464 2295 7047 2879
4234 1602 4520 1888
74 8244 1861 9275
9944 0 10000 4256
6306 306 7378 1377
3966 3444 4095 3573
4296 3192 4720 3616
7390 1272 7749 1631
5131 1244 5754 1866
8629 2731 9335 3627
2753 5659 3190 6097
2314 1717 2647 2229
3305 7802 4032 8530
9109 1678 9903 2511
4739 3407 4991 3658
9340 2744 9940 4317
4323 6936 4702 7315
7821 6649 8134 6921
9747 8397 9800 8882
7118 6647 7601 7130
5057 3916 5190 4050
3774 2902 4293 3421
5796 6756 6829 7788
3342 1902 4026 2587
6913 9229 7806 10000
2052 4909 2793 5650
7290 4166 7701 4477
6530 3835 7267 4573
7096 8869 8354 9125
3365 5093 4280 6009
6204 9126 10000 9225
4355 185 4662 492
2557 905 3196 1345
671 1782 1584 2696
6273 5030 7122 5940
6923 6042 7482 6631
4227 7338 5794 7711
2575 7145 2935 7505
8427 6574 8872 7019
1001 3199 2284 4483
5158 5224 5855 5921
1198 6134 1788 6723
8442 7610 9307 8476
4958 5714 5149 5905
2649 1346 3341 2999
9147 5330 9800 6328
5836 103 6301 1914
7138 5150 7465 5457
3959 3935 4850 4825
7379 0 7770 1271
9777 4320 10000 5260
4302 5415 4942 6056
7040 3050 7226 3236
599 4765 891 5057
5252 2849 5640 3237
4635 9241 5126 9733
9891 6929 10000 8166
4680 510 5252 1211
7050 2514 9241 2728
7560 7153 8430 8855
2939 7248 3287 8530
616 6316 1186 6886
0 5281 656 6307
5483 8398 6201 9166
6193 9586 6904 9900
9246 2512 9489 2730
4869 4647 5429 5222
549 9280 1885 9826
4858 4396 5090 4627
5254 0 5831 1240
9801 5262 10000 6927
1621 290 2313 2488
6542 9288 6869 9575
2485 7757 2933 8204
8696 5201 9142 5852