in: 
174
9251 1659 979878
5460 8851 666182
4325 6853 1372159
1226 6670 408468
7823 6581 911189
5166 5399 92269
2008 9249 86858
7276 7217 1056318
4277 7287 103055
6452 8223 426275
9487 6557 405071
6864 1120 99211
3903 8156 374425
7043 2103 339218
3457 4454 455679
1064 6102 129637
1607 3327 808289
6019 3405 528204
8912 9149 1556106
4387 3020 753846
5212 2503 294735
8760 9246 202673
6250 8866 1001213
1394 2639 312212
2046 3331 122693
7403 8359 94887
5118 4577 495476
6482 7709 1734582
9036 2832 394249
9734 7591 940087
2843 507 1285673
901 2527 860381
1096 3237 124442
7283 1050 1213566
6080 6450 1024959
5294 6854 1101304
3442 8320 61502
6219 4597 168209
4505 2827 791163
3680 1502 132497
7789 9954 652984
3425 7003 170807
4258 4118 561291
3353 8340 795023
6704 3793 216945
1607 2676 430972
3195 4215 860626
3481 2550 117643
4291 8638 998682
2122 2460 576532
1555 6549 494454
7909 8766 581520
7571 4183 361575
1113 941 1076653
3548 6638 479622
701 9251 122292
5749 5830 60386
1348 8329 6150
976 4448 109223
5890 4020 2175144
5327 4941 201979
1817 1703 105557
1365 8346 3967114
111 8544 726557
9560 1810 575647
1123 7212 166837
301 7430 585880
6094 781 54321
340 4512 710217
5888 3289 1684375
5854 4172 147468
1811 3 102785
1115 3482 1376226
6441 6634 135667
7533 9568 946467
4048 9086 39774
6770 3938 820104
3303 5652 384498
6568 6543 41150
9387 9568 305518
7243 5770 15942
4938 6597 1670737
9838 5344 151233
3803 2095 191085
8153 2632 19874
9490 2929 57429
4681 6764 63961
3189 3775 150861
4805 3864 71430
6290 2998 1461568
5583 648 444758
8719 3248 920682
2232 5270 952845
5242 9190 1653612
6701 5207 797015
8647 1781 208524
5553 9422 1441876
603 6388 94921
4815 6279 357027
703 4155 31006
6522 4424 2456
4392 8547 214364
9949 6246 699193
5577 2726 250882
2989 5952 33757
1578 283 572695
3655 6894 1441676
7219 9254 353518
7380 4409 1925801
8551 464 902817
6989 9241 908632
9778 8824 616976
5693 387 537827
5940 7775 1045225
4997 3567 85960
7623 2723 286876
9578 4461 544140
4237 3590 362937
1935 6626 607925
5838 2411 253340
8167 9621 11574
5227 7723 579171
8827 6606 31887
7361 4103 227626
5417 3711 1215056
6166 4817 34590
8899 1536 96609
5865 8110 3095890
2398 7025 853697
7255 8412 405498
233 7178 207462
9423 4917 1509742
9093 3440 498854
5773 952 151597
9504 253 1206137
3151 3419 187203
9478 9177 300714
1022 4980 1686645
454 1897 111865
6275 522 305319
4327 8385 70635
601 9893 18077
6661 8148 84633
7428 2597 1344361
2868 4296 145309
8470 8325 63491
2564 5951 1176809
4953 8430 43887
9350 3767 226869
9996 323 673
586 8866 277314
1132 453 679163
797 1093 915429
7772 9551 30695
427 5789 573172
6226 4043 502390
4198 6030 1227368
927 401 897313
6591 5431 351478
3898 8988 835493
4521 1716 938461
7057 3287 668891
860 2379 1897974
4597 7777 545528
8608 6388 17927
2390 1576 160423
4677 8350 469385
3103 4775 56754
1503 8282 66643
8372 1946 1021087
5035 5671 1196556
3702 2200 131164
3018 433 236169
8079 5585 172455
out: 
8901 1309 9550 2199
5360 8751 6026 9417
4300 6828 5221 7750
1226 6670 1865 7309
7823 6581 8778 7535
5166 5399 5470 5703
2008 9249 2303 9543
6776 6717 7804 7745
4057 6987 4298 7308
6452 8223 7105 8876
9487 6557 10000 7194
6864 1120 7179 1435
3703 7956 4215 8468
6943 2003 7525 2586
3457 4454 4132 5129
1014 6052 1374 6412
1132 2852 2031 3751
6019 3405 6646 4032
8762 8999 9475 9475
4262 2895 4980 3613
5012 2303 5555 2846
8310 8796 8761 9247
6050 8666 6451 9066
1044 2289 1603 2848
2046 3331 2396 3682
7403 8359 7711 8667
4768 4227 5472 4931
6407 7634 6774 8001
8861 2657 9489 3285
9734 7591 10000 8560
2793 457 3827 1491
776 2402 1029 2654
771 2912 1124 3265
7183 950 8235 2001
5480 5850 6417 6788
5244 6804 5943 7504
3442 8320 3690 8568
6219 4597 6629 5007
3780 2102 4569 2892
3680 1502 4044 1866
6759 9954 9382 10000
3425 7003 3838 7417
4133 3993 4757 4617
2528 7515 3420 8406
6654 3743 6845 3934
1607 2061 2118 2848
2870 3890 3448 4467
3431 2500 3774 2843
4291 8638 5115 9463
2122 2460 2881 3220
1340 6424 1658 6652
7734 8591 8297 9153
7571 4183 8172 4785
988 886 1851 1678
3098 6188 3791 6740
701 9251 1051 9600
5499 5580 5750 5831
1273 8254 1351 8333
976 4448 1306 4779
5440 3570 6015 4045
5327 4941 5776 5391
1602 1683 2033 1919
1365 8346 2507 9150
0 8144 563 8997
9560 1810 10000 2568
798 6887 1206 7296
226 7355 991 8121
6094 781 6327 1014
115 4287 958 5129
5463 2864 5971 3312
5854 4172 6238 4556
1811 3 2132 323
0 3267 1131 4103
6441 6634 6759 6953
7533 9568 8156 9650
4023 9061 4222 9261
6770 3938 7276 4443
3203 5552 3823 6172
6443 6418 6646 6621
9387 9568 9940 10000
7243 5770 7369 5897
4688 6347 5156 6814
9838 5344 10000 5733
3578 1870 3804 2096
8153 2632 8294 2773
9490 2929 9730 3168
4431 6514 4684 6767
2914 3500 3302 3889
4805 3864 5072 4132
5990 2698 6574 3282
5333 398 5875 940
8269 2798 8854 3382
1932 4970 2908 5946
5132 8155 5338 10000
6601 5107 7244 5750
8422 1556 8879 2012
5553 9422 6754 10000
603 6388 911 6696
4265 5729 4863 6326
653 4105 829 4281
6522 4424 6572 4473
4187 8472 4430 8635
9449 5746 9950 6532
5577 2726 5703 2852
2989 5952 3173 6135
1223 0 1810 515
2345 6744 4056 6999
6994 9029 7514 9548
7295 4384 7568 4596
8426 339 9376 1289
6639 8891 6992 9242
9728 8774 9950 9560
4968 0 5701 396
5660 7525 5941 7776
4997 3567 5190 3760
7598 2698 8134 3233
9578 4461 10000 5198
3637 2990 4239 3593
1885 6576 2340 7080
5563 2136 6041 2615
8167 9621 8275 9728
5227 7723 5638 8134
8827 6606 9006 6784
7361 4103 7563 4305
5212 3586 5419 3714
6016 4667 6202 4853
8674 1311 8900 1537
5765 7940 6400 8644
2398 7025 2872 7499
7130 8287 7392 8549
0 6878 388 7334
8998 4492 9575 5720
8943 3290 9399 3747
5773 952 6087 1267
9454 203 9950 1301
2901 3169 3209 3476
9478 9177 9725 9451
972 4930 1921 5878
454 1897 788 2232
5975 222 6528 774
4327 8385 4393 8451
601 9893 735 10000
6536 8023 6727 8214
6578 2587 7597 3232
2468 3896 2869 4297
8470 8325 8722 8577
2564 5951 2974 6361
4878 8355 5087 8565
9350 3767 9826 4244
9996 323 10000 349
586 8866 963 9242
1127 0 1221 882
222 518 829 1125
7597 9376 7773 9552
202 5564 959 6321
6226 4043 6335 4152
3848 5680 4256 6088
852 326 1124 599
6191 5031 6592 5432
3498 8588 4012 9102
4046 1241 4890 2084
7007 3237 7700 3930
0 2234 1043 2401
4572 7752 5111 8290
8608 6388 8742 6522
2390 1576 2791 1976
4677 8350 4862 8535
3103 4775 3341 5013
1353 8132 1561 8340
8237 0 8417 2627
4885 5521 5154 5790
3602 2100 3764 2262
2543 0 3029 444
8079 5585 8494 6001