in: 
166
5116 7019 846348
3260 2817 170502
3910 841 52077
9157 6825 603278
9230 1988 8653
1990 8289 550076
1250 7608 1239410
758 6956 205111
1683 3603 894366
8052 8356 408003
3191 3222 534354
1238 2625 150761
865 8180 177819
1458 4485 891329
7698 8231 146231
2612 1104 167469
3234 7687 288949
4480 6599 3441
9682 3591 336066
5821 8695 69132
9804 196 589048
9041 9950 483224
5780 3214 177672
4575 2957 417987
9928 1755 387402
2977 2704 289393
8131 7738 67363
716 4862 812553
9047 2219 39848
9523 5737 1255678
2034 5522 277143
8229 697 137442
7159 2582 405854
574 1045 90745
3009 8723 588890
4264 9364 163719
8627 5048 644503
8582 5312 2644461
7481 3019 214772
6011 100 428096
7654 9639 147588
612 6076 404122
5587 9727 136528
9868 6874 271088
8836 2736 291342
351 9176 222753
3618 8950 343911
46 5556 184387
9132 6374 860842
35 976 206990
854 902 21887
2288 6069 41959
3369 6983 774582
8761 2566 325685
4563 7957 1952717
3609 1073 558413
7978 3813 706107
7246 8845 1231693
2920 5311 1090659
7730 2010 795996
1416 3264 184012
6965 8247 1059729
9982 5757 1016261
5630 7510 276758
7909 3666 1227778
3454 2485 151125
8771 5518 125826
6654 9862 242243
3973 3351 1754387
1719 2262 79948
6471 7754 600719
7873 2708 211296
1052 8890 500909
2349 8815 234651
3504 4974 573457
6453 9587 557290
5633 2766 214258
1117 5255 588189
789 309 1042644
1954 4242 73863
2313 2115 717076
8908 9598 1000937
8223 7609 978757
5396 8487 815426
3614 9547 190029
9719 1240 411371
5009 5080 2326087
1199 1521 426352
8083 5704 212356
5808 1432 469950
3049 5266 11433
8695 1942 148433
1125 392 180647
9006 4169 442449
2355 3659 197348
6356 8188 2602935
5608 9039 135985
6860 3368 445998
5577 180 631833
1604 6942 551542
5621 5599 708190
4174 8585 271098
2010 2167 781048
7791 3567 403750
8539 1898 457769
5942 7690 640878
5168 5811 1041529
5978 4203 5180
5659 8084 1940399
8140 2741 1474301
3924 4964 875349
7096 3175 158937
1740 4951 910313
6331 8195 845769
6598 2599 73921
3082 3685 338907
4069 5040 556838
747 2940 1336838
2682 1090 573213
6432 4002 580041
7673 997 37373
4412 3581 653370
8487 3785 1158126
461 6858 344862
9086 8285 1234963
3140 3941 2966463
4956 1289 600595
8261 3684 221730
8602 6874 92973
710 1058 487043
2959 1351 1195399
1432 661 291559
4709 7825 556978
2115 208 26517
5146 4857 5363280
4028 2504 419200
4426 1403 639258
5694 4386 229479
2105 1281 1901743
4989 6920 1497257
804 1760 1004708
598 4631 167682
499 9083 56668
8024 8023 685981
1927 3360 1356743
1671 3429 73632
8237 9594 780309
2731 8769 279362
5895 7870 734425
9662 1777 94737
1743 8111 996297
7931 8245 68289
1754 2451 391024
4011 1793 752353
7042 5438 547293
3544 7125 35471
6628 5622 2453126
9624 7232 207580
5700 5133 237648
3415 9379 1046961
5493 9879 271802
1230 4264 756307
4183 8873 193790
1459 1033 556133
9692 1629 299727
6698 5192 18812
out: 
4991 6399 5627 7640
3260 2817 3673 3230
3910 841 4138 1069
8832 6500 9609 7276
9230 1988 9323 2081
1765 8064 2507 8805
625 6983 1738 8097
483 6681 761 6959
1608 3528 2304 4223
8052 8356 8691 8995
2691 2722 3247 3278
1238 2625 1626 3014
865 8180 1287 8601
1233 4260 1902 4929
7473 8006 7855 8389
2612 1104 2946 1438
3234 7687 3772 8224
4480 6599 4539 6657
9682 3591 10000 4170
5821 8695 6084 8958
9804 196 10000 964
9041 9950 9736 10000
5780 3214 6202 3635
4575 2957 5222 3603
9898 1755 10000 2378
2452 2179 2990 2717
8131 7738 8391 7997
491 4637 1092 5239
9047 2219 9247 2418
9148 5362 9625 6482
2034 5522 2560 6049
8229 697 8600 1067
6934 2357 7571 2994
399 870 700 1171
2834 8548 3601 9316
4264 9364 4669 9768
8602 5023 9080 5501
7307 4037 8600 5538
7146 2999 8137 3190
6011 100 6665 755
7654 9639 8038 10000
562 6026 1198 6661
5587 9727 5956 10000
9868 6874 10000 7394
8836 2736 9376 3276
351 9176 823 9648
3618 8950 4204 9537
46 5556 475 5986
8307 5549 9133 6427
0 876 390 1331
854 902 1002 1050
2288 6069 2493 6274
2644 6258 3524 7138
8336 2141 8907 2711
4438 7832 5385 8780
3609 1073 4306 1771
7853 3688 8193 4029
6921 8520 8031 9630
2895 5286 3864 6256
7605 1885 8322 2602
1191 3039 1545 3393
6490 7772 7219 8502
9627 4837 10000 6870
5630 7510 5881 7761
7809 3566 7917 3674
3379 2410 3768 2798
8601 5503 9146 5547
6654 9862 7146 10000
3698 3076 4398 3775
1669 2212 1902 2445
6071 7354 6472 7755
7773 2608 8133 2967
1052 8890 1760 9597
2349 8815 2833 9300
3179 4649 3811 5282
6153 9287 6900 9700
5608 2741 6071 3204
1097 4930 1703 5841
89 0 1110 630
1954 4242 2226 4514
2063 1865 2435 2237
8833 9523 9833 9925
7348 6734 8337 7724
5396 8487 5799 8890
3614 9547 4050 9983
9694 1215 9875 1757
4809 4880 5609 5680
1174 1496 1727 2049
7933 5554 8294 5915
5808 1432 6494 2117
2924 5141 3050 5267
8595 1842 8880 2128
1125 392 1425 692
9006 4169 9671 4834
2355 3659 2799 4103
6336 7758 6489 9282
5608 9039 5977 9408
6735 3243 7403 3911
5202 0 5997 600
1204 6542 1622 6959
5621 5599 6463 6330
3899 8310 4420 8830
1740 1967 2044 2201
7416 3192 7801 3578
8339 1698 8591 1899
5892 7640 6058 7765
5043 5686 5614 6256
5978 4203 6050 4275
5534 7959 5977 8402
8140 2741 8829 3430
3824 4864 4060 5099
6946 3025 7145 3223
1740 4951 2294 5505
5981 7845 6332 8196
6598 2599 6870 2871
2807 3410 3314 3917
4069 5040 4790 5761
22 2215 1178 3371
1932 340 2689 1097
6407 3977 7169 4738
7673 997 7866 1191
4412 3581 4570 3740
8437 3735 8738 4036
0 6283 473 6870
9086 8285 10000 9397
3140 3941 3712 4624
4956 1289 5731 2064
8211 3634 8432 3855
8502 6774 8807 7079
710 1058 1158 1506
2959 1351 3602 1995
1432 661 1797 1026
3959 7075 4710 7826
2065 158 2228 321
4071 3782 5162 4873
3903 2379 4550 3027
4326 1303 4951 1927
5694 4386 6173 4865
2080 1256 2609 1785
4564 6495 4990 6921
554 1510 1156 2113
173 4206 599 4632
349 8933 587 9171
8024 8023 8352 8351
1677 3110 2092 3525
1546 3304 1672 3430
8062 9419 8820 9700
2531 8569 2760 8797
5845 7780 5902 7937
9362 1477 9670 1785
1288 8101 1764 8887
7861 8245 8012 8307
1754 2451 2379 3077
4011 1793 4303 2086
6717 5113 7157 5553
3544 7125 3732 7314
6578 5572 7719 6713
9624 7232 9850 7537
5675 5108 6162 5596
2180 9319 3613 10000
5043 9429 5564 9880
605 3639 1231 4265
3603 8833 5173 8948
1459 1033 1905 1478
9672 0 9693 3587
6573 5067 6710 5204